00000000000000000000000000000000000000000000000000000000
00000000000000000000000000000000000000000000000000000000
00000000000111111111100000000000000111111111100000000000
00000000111111111111111100000000111111111111111100000000
00000011111111111111111111000011111111111111111110000000
00000111111111111111111111100111111111111111111111000000
00000111111111122222222211111112222222222111111111100000
00001111111112222222222222111222222222222221111111110000
00001111111122222222222222222222222222222222111111110000
00001111111222222222222222222222222222222222111111110000
00001111111222222222222222222222222222222222111111100000
00000111111222222222222222222222222222222222111111100000
00000011111222222222222222222222222222222222111111000000
00000001111112222222222222222222222222222221111110000000
00000000111111222222222222222222222222222111111000000000
00000000001111112222222222222222222222221111110000000000
00000000000011111122222222222222222222111111000000000000
00000000000000111111222222222222222111111100000000000000
00000000000000001111112222222222211111110000000000000000
00000000000000000011111112222211111111000000000000000000
00000000000000000000011111111111111000000000000000000000
00000000000000000000000011111111100000000000000000000000
00000000000000000000000000111100000000000000000000000000
00000000000000000000000000000000000000000000000000000000
00000000000000000000000000000000000000000000000000000000
